    6.0000    3.0000         0    0.0860    0.0683
    6.0000    4.0000         0   20.3432   14.3510
    6.0000    5.0000         0    0.2811    1.5894
    6.0000    6.0000   18.6000    3.3091    2.3413
    6.0000    7.0000   11.6000   29.0137   11.6330
    6.0000    8.0000    6.0000    3.9233    0.6104
    6.0000    9.0000         0    0.1004    0.2150
    6.0000   10.0000    8.4000       NaN    3.2118
    6.0000   11.0000    4.8000       NaN       NaN
    6.0000   12.0000         0    0.0000       NaN
    6.0000   13.0000         0         0         0
    6.0000   14.0000    6.8000    7.2372    2.7911
    6.0000   15.0000    5.4000    6.8265   16.2462
    6.0000   16.0000         0    4.2064    4.2553
    6.0000   17.0000   29.6000   48.6671   34.3748
    6.0000   18.0000    7.0000         0   13.1651
    6.0000   19.0000   14.0000         0       NaN
    6.0000   20.0000    0.2000         0         0
    6.0000   21.0000         0         0         0
    6.0000   22.0000         0    0.0003         0
    6.0000   23.0000    6.4000    3.8434    1.8865
    6.0000   24.0000         0         0    0.0001
    6.0000   25.0000         0         0         0
    6.0000   26.0000         0       NaN       NaN
    6.0000   27.0000         0       NaN    0.0026
    6.0000   28.0000   27.0000    1.5905    0.4279
    6.0000   29.0000    6.0000    4.7914    8.6718
    6.0000   30.0000    3.2000       NaN    0.0734
    7.0000    1.0000         0         0         0
    7.0000    2.0000         0         0         0
    7.0000    3.0000         0       NaN         0
    7.0000    4.0000         0       NaN         0
    7.0000    5.0000         0         0       NaN
    7.0000    6.0000    0.2000         0         0
    7.0000    7.0000         0       NaN       NaN
    7.0000    8.0000         0       NaN       NaN
    7.0000    9.0000         0    3.6260    2.0079
    7.0000   10.0000    3.6000    7.3975    3.3441
    7.0000   11.0000    8.8000       NaN       NaN
    7.0000   12.0000         0       NaN       NaN
    7.0000   13.0000   35.4000       NaN       NaN
    7.0000   14.0000   10.0000    9.0422   22.4255
    7.0000   15.0000    5.2000    1.6747    4.0963
    7.0000   16.0000    8.6000    2.0892    1.1006
    7.0000   17.0000    7.6000       NaN       NaN
    7.0000   18.0000    7.0000       NaN       NaN
    7.0000   19.0000    1.2000       NaN       NaN
    7.0000   20.0000    3.4000       NaN       NaN
    7.0000   21.0000         0    1.1953       NaN
    7.0000   22.0000         0       NaN       NaN
    7.0000   23.0000         0       NaN       NaN
    7.0000   24.0000   16.4000       NaN       NaN
    7.0000   25.0000    0.6000       NaN       NaN
    7.0000   26.0000    2.0000       NaN       NaN
    7.0000   27.0000    6.8000       NaN       NaN
    7.0000   28.0000    1.4000       NaN       NaN
    7.0000   29.0000    0.2000       NaN       NaN
    7.0000   30.0000         0       NaN       NaN
    7.0000   31.0000         0       NaN       NaN
    8.0000    1.0000    3.8000         0         0
    8.0000    2.0000    2.0000   13.4659       NaN
    8.0000    3.0000    7.0000         0    1.7771
    8.0000    4.0000    8.4000    1.9831         0
    8.0000    5.0000    4.4000         0    0.0271
    8.0000    6.0000    1.8000         0         0
    8.0000    7.0000    1.0000   14.4684         0
    8.0000    8.0000    5.8000    6.3790   14.8513
    8.0000    9.0000    2.4000    1.0310    2.5978
    8.0000   10.0000    9.8000         0   14.7139
    8.0000   11.0000    2.0000         0         0
    8.0000   12.0000    4.4000         0         0
    8.0000   13.0000         0         0         0
    8.0000   14.0000         0   12.3405       NaN
    8.0000   15.0000    4.6000       NaN    5.8176
    8.0000   16.0000    9.8000    4.1406    1.1869
    8.0000   17.0000    8.8000   17.3119   17.9719
    8.0000   18.0000    0.6000         0    8.9785
    8.0000   19.0000         0         0         0
    8.0000   20.0000         0         0         0
    8.0000   21.0000         0         0         0
    8.0000   22.0000    8.8000         0         0
    8.0000   23.0000   10.4000         0         0
    8.0000   24.0000         0    4.3723         0
    8.0000   25.0000         0    0.0006    0.0000
    8.0000   26.0000   26.4000       NaN    0.0101
    8.0000   27.0000   11.2000       NaN    5.9509
    8.0000   28.0000   22.6000    4.1602       NaN
    8.0000   29.0000    2.4000   21.9918   18.8718
    8.0000   30.0000         0         0    1.4124
    8.0000   31.0000         0         0         0
    9.0000    1.0000    1.6000         0         0
    9.0000    2.0000   16.4000         0         0
    9.0000    3.0000    2.6000         0         0
    9.0000    4.0000    4.6000         0         0
    9.0000    5.0000    0.6000         0         0
    9.0000    6.0000    0.2000         0         0
    9.0000    7.0000    0.8000         0         0
    9.0000    8.0000    2.2000       NaN         0
    9.0000    9.0000    8.8000       NaN       NaN
    9.0000   10.0000         0         0       NaN
    9.0000   11.0000    5.8000         0         0
    9.0000   12.0000         0         0         0
    9.0000   13.0000         0         0         0
    9.0000   14.0000    0.4000         0         0
    9.0000   15.0000   10.0000         0         0
    9.0000   16.0000    0.2000         0         0
    9.0000   17.0000         0         0       NaN
    9.0000   18.0000         0         0         0
    9.0000   19.0000         0         0         0
    9.0000   20.0000         0         0         0
    9.0000   21.0000         0         0         0
    9.0000   22.0000         0         0         0
    9.0000   23.0000    1.6000         0         0
    9.0000   24.0000         0       NaN       NaN
    9.0000   25.0000       NaN       NaN         0
    9.0000   26.0000       NaN         0         0
    9.0000   27.0000       NaN         0         0
    9.0000   28.0000       NaN       NaN         0
    9.0000   29.0000       NaN   19.4403         0
    9.0000   30.0000       NaN    0.0000    1.5989
   10.0000    1.0000       NaN       NaN         0
   10.0000    2.0000       NaN       NaN         0
   10.0000    3.0000       NaN         0       NaN
   10.0000    4.0000       NaN    0.0002         0
   10.0000    5.0000       NaN       NaN       NaN
   10.0000    6.0000       NaN       NaN       NaN
   10.0000    7.0000       NaN    6.5954    2.3740
   10.0000    8.0000       NaN         0    0.0000
   10.0000    9.0000       NaN       NaN       NaN
   10.0000   10.0000       NaN       NaN       NaN
   10.0000   11.0000       NaN       NaN       NaN
   10.0000   12.0000       NaN    1.9387    5.8622
   10.0000   13.0000       NaN   25.9061   24.5750
   10.0000   14.0000       NaN         0         0
   10.0000   15.0000       NaN       NaN       NaN
   10.0000   16.0000       NaN       NaN       NaN
   10.0000   17.0000       NaN       NaN       NaN
   10.0000   18.0000       NaN       NaN       NaN
   10.0000   19.0000       NaN    0.0000       NaN
   10.0000   20.0000       NaN       NaN       NaN
   10.0000   21.0000       NaN       NaN       NaN
   10.0000   22.0000       NaN       NaN       NaN
   10.0000   23.0000       NaN       NaN       NaN
   10.0000   24.0000       NaN       NaN       NaN
   10.0000   25.0000       NaN       NaN       NaN
   10.0000   26.0000       NaN       NaN       NaN
   10.0000   27.0000       NaN       NaN       NaN
   10.0000   28.0000       NaN       NaN       NaN
   10.0000   29.0000       NaN       NaN       NaN
   10.0000   30.0000       NaN         0         0
   10.0000   31.0000       NaN    0.1064       NaN
   11.0000    1.0000       NaN    0.4847    0.3461
   11.0000    2.0000       NaN         0         0
   11.0000    3.0000       NaN         0         0
   11.0000    4.0000       NaN         0         0
   11.0000    5.0000       NaN         0         0
   11.0000    6.0000       NaN         0         0
   11.0000    7.0000       NaN         0         0
   11.0000    8.0000       NaN   15.9346   13.4971
   11.0000    9.0000       NaN    0.6076    0.0581
   11.0000   10.0000       NaN         0         0
   11.0000   11.0000       NaN         0         0
   11.0000   12.0000       NaN         0       NaN
   11.0000   13.0000       NaN       NaN         0
   11.0000   14.0000       NaN         0         0
   11.0000   15.0000       NaN         0         0
   11.0000   16.0000       NaN    5.5417    0.5895
   11.0000   17.0000       NaN    0.2988    0.5704
   11.0000   18.0000       NaN    0.1611    0.2089
   11.0000   19.0000       NaN         0         0
   11.0000   20.0000       NaN         0         0
   11.0000   21.0000       NaN         0         0
   11.0000   22.0000       NaN         0         0
   11.0000   23.0000       NaN    1.0690         0
   11.0000   24.0000       NaN       NaN         0
   11.0000   25.0000       NaN       NaN         0
   11.0000   26.0000       NaN         0       NaN
   11.0000   27.0000       NaN         0    0.0000
